$ANSIBLE_VAULT;1.1;AES256
35653561646461343464666164356130346534643965616632396236373439353065343338636334
6530666138343038633963633762643564653637313862640a386638656230393736333136323333
32633562306132666535626231623635353764643361326339626565656238373634653864656233
6266383133383131620a336539353565353037653934633164613732376232356536393139393834
39643366396362633733333535663061316631373736666162643764633765623234343633373665
34613961636564316431393965343663383930383939303934616137653831346261613865623934
63366365613862616361656634623734383366383930333132363063656366343938363566666266
66326364303062663836623737316132333539636236616138646566383362613934613164383333
33623533663531383536363132383836336266303830613033353165653339323837306537633063
37353233393061376430623330633363383937356661626566323230376538353065333832366339
66613938313635656534653161326666343136303135633339393937626639313334633966353963
61663065353734306234366665323735643563366237303233616537656631636436333530613865
31623436386637326361376338653933643166323737626264316261376536356561636339396561
3863656536643037396535303137353662353563336634373931
