$ANSIBLE_VAULT;1.1;AES256
35633466306566383031323464366339643038316266316135303066316131623966646534663630
3563656135643264303237653834313663356538343232310a336630333234303530313831663039
34393136313533393165386566353532303537636564333561343338306631396532376135643737
3164623134306366320a383639313430393965643230313465386461626666643033356330636236
31383630636336316236343137623662633731646362366163313332613235653336336461396261
61336561613063653561396363386332393833333038623331333365336438623738343462666239
64656131333330636530373639356438323038326437396164656333306239386430643137613038
34643233313137646430383736396632623830323735313935363333336662643637653635396634
37623464626161316661363161383234373932653633633339616630353033636466373664343938
33346331663736623635323463313931366533633138343964386432643038643661663835636265
30393838316162653865363265353834663934646164643430363134373164653935343962643539
30663731386530613130363930366131666463326339663230376562636136363536653731623962
61396539623335363332623834356661653037363339376462383838363130383436663039363437
63623831646634633562663433653232343737613137363233636437646165303066343735636635
36346466313966383832316430363236366165353630336137613561303838663832643732643365
34323965323433656637616464633033656639633830383635623766393566373936623332616634
66393335663638643133643862626565396335616335616336303962626664666262363931326166
32633766336431663538326333653561343365666463353135356562636339346563663462663565
383663626137343063356261616131353466
